    0
   62
  163
  200
  238
  295
  377
  652
  736
 1139
 1201
 1216
 1223
 1229
 1236
 1243
 1249
 1255
 1260
 1265
 1271
 1276
 1281
 1287
 1293
 1300
 1309
 1321
 1354
 1378
 1397
 1422
 1468
 1548
 1619
 1660
 1731
 1879
 2133
 2355
 2393
 2442
 2615
 2835
 2845
 2854
 2861
 2867
 2872
 2877
 2882
 2888
 2894
 2899
 2904
 2909
 2915
 2921
 2929
 2937
 2953
 2979
 3000
 3041
 3208
 3272
 3407
 3448
 3478
 3533
 3584
 3665
 3916
 3989
 4387
 4459
 4471
 4479
 4485
 4491
 4497
 4503
 4508
 4513
 4519
 4524
 4529
 4535
 4541
 4547
 4555
 4566
 4590
 4609
 4626
 4645
 4671
 4716
 4792
 4833
 4908
 4983
 5127
 5385
 5591
 5640
 5682
 5861
 6086
 6097
 6104
 6110
 6116
 6122
 6127
 6132
 6137
 6143
 6149
 6154
 6160
 6166
 6172
 6179
 6188
 6227
 6243
 6259
 6294
 6331
 6449
 6485
 6516
 6553
 6595
 6663
 6730
 6784
 6889
 7152
 7225
 7639
 7707
 7719
 7727
 7733
 7739
 7745
 7751
 7756
 7761
 7767
 7773
 7778
 7784
 7790
 7796
 7804
 7813
 7834
 7850
 7874
 7889
 7919
 7972
 8044
 8119
 8193
 8368
 8637
 8855
 8900
 9111
 9334
 9345
 9354
 9361
 9365
 9371
 9377
 9383
 9388
 9394
 9399
 9404
 9409
 9415
 9421
 9429
 9439
 9456
 9475
 9487
 9507
 9544
 9704
 9772
 9910
 9944
 9978
10035
10080
10137
10376
10485
10887
10956
10967
10974
10981
10987
10993
10999
11004
11009
11014
11020
11025
11030
11035
11041
11048
11056
11067
11102
11126
11141
11170
11215
11295
11329
11379
11442
11620
11841
12104
12145
12194
12362
12583
12593
12602
12609
12615
12620
12625
12630
12635
12641
12647
12652
12657
12663
12669
12677
12685
12700
12727
12748
12791
12965
13016
13158
13196
13226
13284
13401
13668
13737
14136
14207
14219
14227
14233
14239
14245
14250
14255
14260
14265
14271
14276
14282
14288
14294
14301
14311
14327
14350
14374
14393
14419
14468
14544
14581
14656
14875
15113
15272
15363
15438
15605
15834
15844
15852
15858
15864
15870
15875
15880
15885
15891
15896
15901
15906
15912
15918
15925
15934
15949
15975
15982
16000
16044
16208
16268
16355
16440
16474
16532
16637
16916
16984
17387
17456
17467
17476
17483
17489
17494
17499
17504
17509
17515
17521
17526
17532
17538
17544
17551
17560
17579
17598
17622
17637
17667
17720
17788
17829
17867
17941
18123
18377
18591
18644
18686
18858
19082
19093
19102
19109
19113
19119
19125
19131
19136
19142
19147
19152
19157
19163
19170
19178
19189
19205
19223
19242
19259
19293
19452
19520
19658
19692
19729
19774
19828
19897
20160
20228
20584
20697
20711
20721
20729
20735
20741
20747
20752
20757
20762
20768
20773
20778
20783
20789
20796
20804
20815
20846
20855
20874
20889
20918
20963
21043
21077
21131
21193
21375
21593
21835
21888
21929
22102
22332
22341
22350
22357
22363
22368
22373
22379
22384
22390
22395
22400
22405
22411
22417
22425
22433
22449
22474
22476
22478
22493
22516
22735
22871
22944
22977
23032
23153
23416
23489
23887
23955
23967
23975
23981
23986
23991
23996
24002
24007
24012
24018
24023
24028
24033
24039
24045
24053
24064
24105
24122
24140
24166
24215
24287
24325
24379
24437
24619
24864
25012
25114
25186
25356
25582
25592
25600
25607
25612
25618
25624
25629
25634
25640
25645
25650
25655
25661
25668
25676
25686
25701
25723
25744
25796
25990
26058
26162
26230
26283
26344
26660
26732
27135
27204
27215
27222
27228
27235
27241
27247
27252
27257
27262
27268
27273
27278
27283
27289
27296
27305
27319
27346
27370
27384
27414
27463
27543
27618
27688
27871
28108
28264
28355
28421
28559
28765
28831
28841
28850
28857
28863
28869
28874
28879
28884
28890
28895
28900
28905
28911
28918
28926
28937
28956
28981
28996
29038
29212
29267
29407
29444
29481
29519
29580
29912
29985
30387
30455
30466
30475
30480
30486
30492
30498
30503
30509
30515
30520
30525
30531
30537
30544
30553
30565
30594
30603
30622
30636
30663
30711
30795
30870
30945
31123
31337
31602
31636
31677
31850
32079
32089
32098
32105
32111
32117
32122
32127
32132
32138
32143
32148
32153
32159
32165
32173
32181
32197
32219
32222
32224
32226
32244
32289
32464
32512
32654
32692
32729
32783
32897
33163
33224
33628
33703
33714
33723
33729
33734
33740
33745
33751
33756
33761
33767
33772
33778
33784
33790
33797
33807
33826
33842
33870
33884
33913
33963
34035
34081
34148
34196
34375
34589
34768
34855
34934
35105
35330
35340
35348
35354
35360
35366
35372
35377
35382
35388
35393
35398
35403
35409
35415
35423
35432
35449
35474
35486
35502
35536
35696
35764
35902
35939
35974
36031
36084
36220
36415
36481
36886
36951
36965
36973
36979
36986
36992
36998
37003
37008
37014
37019
37024
37029
37035
37041
37049
37059
37081
37097
37118
37129
37166
37211
37288
37366
37437
37615
37884
38099
38136
38169
38342
38578
38589
38597
38604
38610
38615
38621
38626
38631
38637
38642
38647
38652
38657
38663
38670
38678
38693
38722
38738
38754
38785
38951
39023
39138
39187
39221
39270
39324
39408
39659
39720
39766
40127
40202
40214
40222
40228
40234
40240
40246
40251
40256
40262
40267
40272
40277
40283
40289
40296
40306
40323
40338
40340
40369
40388
40414
40463
40543
40614
40655
40871
41089
41351
41396
41598
41827
41837
41846
41853
41859
41865
41870
41875
41881
41887
41892
41897
41902
41908
41914
41922
41931
41948
41967
41970
41972
41992
42038
42200
42264
42350
42436
42473
42530
42648
42907
42980
43379
43451
43462
43471
43476
43482
43488
43493
43498
43503
43508
43514
43519
43524
43529
43535
43541
43549
43559
43585
43618
43628
43662
43711
43783
43825
43903
44115
44372
44598
44636
44853
45078
45088
45096
45102
45108
45114
45120
45125
45130
45136
45141
45146
45151
45157
45163
45171
45180
45195
45222
45240
45292
45455
45515
45654
45688
45725
45766
45820
45877
46159
46229
46635
46702
46713
46723
46728
46734
46740
46746
46751
46757
46763
46768
46773
46778
46784
46790
46798
46809
46840
46869
46884
46910
46959
47039
47114
47188
47367
47585
47850
47888
47933
48100
48326
48337
48344
48350
48356
48363
48368
48373
48378
48384
48390
48395
48401
48407
48414
48422
48432
48448
48465
48482
48499
48533
48708
48763
48902
48943
48977
49031
49129
49404
49488
49879
49951
49962
49970
49976
49982
49988
49994
49999
50004
50010
50015
50020
50026
50032
50038
50046
50057
50081
50097
50118
50132
50162
50207
50291
50362
50399
50611
50876
51015
51114
51169
51349
51577
51587
51595
51601
51607
51613
51618
51623
51628
51633
51639
51644
51649
51655
51661
51668
51677
51693
51715
51722
51740
51785
51947
52011
52150
52187
52221
52278
52388
52659
52720
53127
53199
53210
53218
53224
53230
53236
53241
53246
53251
53256
53262
53267
53272
53277
53283
53289
53297
53307
53336
53365
53371
53410
53463
53535
53580
53651
53863
54085
54199
54350
54391
54597
54825
54836
54845
54852
54857
54862
54868
54873
54878
54884
54889
54894
54899
54905
54911
54918
54926
54940
54970
54975
54992
55037
55229
55267
55398
55436
55473
55527
55632
55891
55979
56382
56448
56458
56465
56472
56478
56485
56491
56496
56501
56506
56512
56517
56522
56527
56533
56540
56549
56563
56593
56617
56632
56661
56707
56791
56862
56936
57127
57333
57598
57632
57677
57848
58074
58084
58093
58100
58107
58111
58116
58121
58126
58132
58138
58143
58149
58155
58162
58170
58180
58196
58218
58236
58285
58447
58511
58650
58691
58725
58778
58832
59159
59216
59626
59695
59707
59714
59720
59726
59732
59737
59743
59748
59753
59759
59764
59769
59775
59781
59788
59796
59807
59845
59865
59884
59910
59958
60031
60072
60151
60226
60366
60620
60846
60883
60933
61101
61325
61335
61343
61349
61355
61361
61366
61371
61376
61381
61387
61392
61397
61403
61409
61417
61427
61444
61466
61473
61491
61531
61699
61759
61898
61939
61969
62023
62136
62384
62476
62882
62947
62958
62965
62972
62978
62984
62990
62995
63000
63006
63012
63017
63023
63029
63035
63043
63053
63074
63096
63113
63131
63158
63207
63279
63320
63365
63432
63611
63848
64016
64094
64135
64181
64341
64573
64584
64593
64600
64604
64610
64616
64621
64626
64632
64637
64642
64647
64653
64659
64667
64676
64692
64714
64726
64745
64778
64947
65011
65150
65187
65224
65274
65319
65373
65674
65731
66127
66195
66206
66213
66220
66226
66232
66238
66243
66248
66253
66259
66264
66269
66274
66280
66286
66294
66305
66341
66365
66380
66409
66447
66535
66610
66680
66859
67120
67346
67380
67420
67589
67822
67832
67840
67846
67851
67858
67864
67869
67874
67880
67886
67891
67897
67903
67909
67917
67927
67943
67966
67987
68027
68195
68255
68308
68397
68435
68469
68523
68575
68903
68967
69336
69443
69455
69464
69471
69478
69484
69490
69495
69500
69506
69511
69516
69521
69527
69534
69542
69553
69577
69613
69628
69658
69706
69778
69816
69862
69932
70114
70340
70578
70627
70668
70841
71073
71083
71091
71097
71103
71109
71114
71119
71124
71130
71135
71140
71146
71152
71158
71166
71175
71192
71214
71226
71243
71281
71439
71507
71645
71679
71713
71770
71827
72155
72223
72572
72638
72698
72709
72717
72722
72727
72732
72738
72743
72748
72753
72759
72764
72769
72774
72780
72787
72795
72808
72837
72861
72875
72905
72954
73031
73106
73180
73362
73607
73842
73887
74089
74321
74332
74341
74348
74352
74357
74362
74367
74373
74379
74384
74389
74394
74400
74406
74413
74421
74436
74462
74481
74497
74528
74691
74763
74878
74931
74965
75022
75067
75128
75403
75476
75878
75943
75954
75961
75968
75974
75980
75986
75991
75996
76001
76007
76012
76017
76022
76028
76034
76042
76053
76080
76094
76113
76128
76157
76202
76283
76358
76432
76656
76875
77094
77131
77173
77344
77570
77580
77589
77596
77602
77607
77610
77615
77621
77626
77632
77637
77642
77647
77653
77660
77668
77678
77698
77713
77719
77735
77778
77951
78003
78053
78150
78212
78258
78319
78655
78732
79126
79194
79205
79215
79222
79228
79233
79238
79243
79248
79254
79259
79264
79269
79275
79281
79288
79298
79315
79340
79361
79376
79406
79455
79535
79609
79650
79721
79866
80103
80263
80346
80383
80429
80597
80821
80831
80839
80845
80851
80857
80863
80868
80873
80879
80884
80889
80894
80900
80907
80914
80924
80940
80962
80967
80987
81028
81187
81255
81342
81401
81465
81522
81579
81903
81972
82378
82443
82454
82461
82468
82474
82480
82486
82491
82496
82501
82507
82512
82517
82522
82528
82535
82544
82556
82585
82612
82632
82657
82706
82779
82857
82928
83110
83364
83590
83635
83841
84069
84080
84089
84096
84102
84108
84113
84118
84123
84129
84134
84139
84144
84150
84157
84165
84176
84195
84213
84215
84222
84239
84277
84439
84507
84641
84675
84712
84754
84815
84943
85154
85211
85253
85622
85691
85702
85709
85716
85722
85728
85734
85739
85744
85749
85755
85760
85765
85770
85776
85782
85789
85799
85823
85830
85837
85844
85861
85875
85905
85939
85988
86031
86064
86101
86134
86172
86205
86247
86358
86615
86842
86879
86916
87092
87318
87328
87337
87344
87348
87353
87358
87362
87367
87372
87378
87383
87388
87393
87399
87405
87413
87423
87439
87458
87467
87480
87506
87691
87751
87889
87927
87960
88009
88067
88402
88467
88869
88942
88953
88962
88969
88974
88980
88985
88990
88995
89001
89007
89012
89018
89024
89031
89039
89049
89088
89109
89123
89153
89203
89282
89357
89391
89473
89606
89851
89996
90089
90127
90176
90345
90569
90579
90587
90592
90599
90605
90611
90616
90621
90627
90632
90637
90643
90649
90655
90662
90671
90688
90710
90720
90738
90776
90935
91003
91141
91178
91216
91254
91314
91352
91631
91719
92125
92190
92201
92210
92216
92221
92226
92231
92237
92242
92248
92254
92259
92264
92269
92275
92282
92291
92303
92333
92360
92380
92405
92454
92530
92605
92646
92854
93112
93341
93395
93581
93817
93828
93837
93844
93850
93856
93861
93866
93871
93877
93882
93887
93892
93898
93905
93913
93923
93939
93958
93980
94002
94035
94187
94251
94354
94393
94430
94460
94505
94559
94639
94895
94976
95374
95442
95453
95461
95467
95473
95479
95485
95490
95496
95502
95507
95512
95518
95524
95530
95538
95549
95569
95581
95608
95627
95653
95698
95778
95819
95890
95969
96110
96359
96589
96627
96672
96839
97068
97078
97086
97093
97098
97104
97109
97114
97119
97125
97130
97135
97140
97146
97152
97160
97168
97184
97206
97213
97234
97273
97435
97502
97641
97679
97716
97769
97876
98146
98207
98558
98679
98695
98704
98712
98718
98724
98730
98736
98741
98746
98752
98757
98762
98767
98773
98780
98788
98799
98836
98857
98868
98901
98954
99030
99105
99179
99354
99595
99747
99841
99879
100092
100316
100327
100335
100341
100347
100353
100359
100364
100369
100375
100380
100385
100391
100397
100403
100411
100421
100439
100461
100476
100496
100531
100694
100751
100893
100927
100968
101018
101063
101398
101471
101873
101939
101949
101957
101963
101969
101975
101980
101986
101991
101997
102003
102008
102013
102018
102024
102031
102040
102052
102084
102108
102127
102152
102198
102275
102353
102406
102461
102615
102811
103085
103123
103156
103333
103565
103576
103585
103592
103598
103604
103610
103615
103620
103626
103631
103636
103642
103648
103655
103663
103676
103709
103727
103754
103935
104002
104044
104141
104179
104216
104266
104318
104646
104719
105118
105190
105201
105209
105215
105221
105227
105233
105238
105243
105249
105254
105259
105265
105271
105277
105285
105296
105317
105343
105360
105401
105450
105526
105563
105638
105857
106111
106321
106371
106420
106590
106816
106826
106834
106840
106846
106852
106857
106862
106867
106873
106878
106883
106888
106894
106900
106907
106916
106932
106954
106979
107024
107187
107250
107389
107426
107456
107509
107575
107875
107967
108370
108441
108452
108460
108466
108472
108479
108485
108490
108495
108501
108506
108511
108516
108522
108528
108536
108546
108572
108605
108616
108649
108713
108774
108849
108890
108965
109102
109347
109495
109589
109634
109829
110064
110075
110083
110089
110094
110101
110107
110112
110117
110123
110128
110133
110138
110144
110150
110158
110167
110183
110205
110214
110234
110272
110431
110499
110621
110671
110708
110766
110834
111134
111218
111618
111687
111697
111704
111711
111717
111724
111730
111735
111740
111745
111751
111756
111761
111766
111772
111779
111788
111800
111832
111856
111871
111900
111950
112026
112101
112175
112399
112619
112837
112871
112916
113090
113313
113323
113332
113339
113346
113350
113355
113360
113365
113371
113377
113382
113388
113394
113401
113409
113419
113438
113457
113476
113495
113523
113686
113750
113885
113926
113956
114014
114123
114378
114455
114866
114938
114949
114957
114963
114969
114975
114981
114986
114991
114997
115002
115007
115013
115019
115025
115033
115044
115065
115084
115107
115149
115198
115278
115353
115605
115843
115995
116089
116126
116172
116341
116564
116574
116582
116588
116594
116600
116605
116610
116615
116620
116626
116631
116637
116643
116649
116657
116666
116683
116705
116714
116730
116772
116931
116998
117137
117178
117212
117266
117364
117454
117669
117718
118118
118186
118197
118206
118213
118218
118223
118228
118233
118238
118243
118249
118254
118259
118264
118270
118276
118284
118294
118316
118332
118356
118379
118401
118450
118526
118597
118671
118850
119087
119246
119342
119416
119587
119812
119823
119832
119839
119843
119849
119855
119861
119866
119872
119877
119882
119887
119893
119899
119906
119915
119930
119957
119978
120020
120182
120250
120337
120400
120456
120514
120615
120799
120933
121000
121362
121434
121445
121452
121459
121465
121471
121477
121482
121487
121492
121498
121503
121508
121513
121519
121526
121535
121547
121580
121604
121619
121648
121690
121774
121849
121923
122105
122323
122585
122626
122668
122841
122975
123063
123074
123083
123088
123094
123098
123101
123107
123113
123119
123125
123130
123135
123141
123147
123155
123163
123179
123203
123205
123226
123269
123434
123494
123539
123637
123690
123762
123867
124142
124215
124614
124685
124697
124705
124711
124717
124723
124729
124734
124739
124744
124749
124754
124760
124766
124772
124779
124789
124808
124832
124855
124897
124954
125022
125063
125134
125349
125611
125750
125837
125916
126089
126312
126322
126330
126336
126342
126346
126352
126358
126364
126370
126375
126380
126386
126392
126399
126407
126416
126434
126453
126460
126478
126520
126682
126746
126849
126922
126960
127017
127116
127394
127466
127862
127934
127945
127954
127959
127965
127971
127977
127982
127987
127992
127998
128003
128008
128013
128019
128026
128035
128048
128076
128100
128115
128145
128201
128270
128311
128390
128464
128598
128852
129084
129126
129335
129560
129571
129580
129587
129591
129597
129603
129608
129613
129619
129624
129629
129634
129640
129647
129655
129665
129682
129701
129720
129737
129771
129930
129998
130085
130141
130203
130249
130306
130383
130642
130714
131117
131185
131196
131205
131211
131216
131222
131227
131232
131237
131242
131248
131253
131259
131265
131271
131278
131287
131302
131321
131328
131352
131367
131397
131449
131518
131555
131604
131671
131895
132114
132333
132370
132412
132586
132809
132819
132828
132835
132841
132846
132851
132857
132862
132868
132873
132878
132883
132889
132895
132903
132911
132927
132952
132958
132974
133017
133182
133242
133385
133438
133509
133574
133890
133963
134365
134434
134445
134453
134459
134464
134469
134474
134480
134485
134490
134496
134501
134506
134511
134517
134523
134531
134542
134583
134600
134615
134645
134697
134770
134848
134897
134960
135101
135351
135495
135585
135622
135671
135832
136060
136070
136078
136085
136090
136096
136101
136106
136111
136116
136122
136127
136132
136138
136144
136151
136160
136175
136201
136220
136236
136274
136434
136494
136581
136636
136670
136704
136761
136826
137122
137210
137616
137682
137693
137702
137707
137713
137719
137725
137730
137735
137740
137746
137751
137756
137761
137767
137774
137783
137797
137824
137848
137859
137893
137969
138022
138093
138167
138358
138587
138832
138870
138915
139076
139308
139319
139328
139335
139340
139345
139351
139356
139361
139367
139372
139377
139383
139389
139396
139404
139416
139434
139449
139471
139494
139711
139829
139900
139951
139993
140054
140123
140390
140466
140861
140926
140940
140948
140955
140961
140967
140973
140978
140983
140988
140994
140999
141004
141009
141015
141021
141029
141040
141060
141079
141100
141114
141144
141189
141266
141307
141378
141601
141854
142080
142118
142160
142328
142557
142567
142576
142583
142587
142592
142597
142601
142606
142611
142617
142622
142627
142632
142638
142644
142652
142662
142678
142697
142702
142704
142722
142766
142930
142990
143128
143170
143203
143256
143306
143645
143702
144051
144121
144182
144192
144202
144209
144215
144220
144225
144230
144235
144241
144246
144251
144257
144263
144270
144278
144288
144312
144348
144362
144392
144441
144513
144555
144630
144712
144849
145102
145246
145336
145370
145586
145808
145818
145826
145832
145838
145844
145850
145855
145860
145866
145871
145876
145881
145887
145893
145901
145910
145926
145949
145959
145977
146016
146182
146242
146380
146414
146452
146509
146566
146890
146962
147364
147426
147440
147449
147455
147461
147467
147473
147478
147483
147488
147494
147499
147504
147509
147515
147522
147531
147543
147572
147599
147619
147644
147693
147769
147841
147915
148097
148354
148486
148588
148626
148824
149056
149067
149075
149081
149086
149092
149098
149103
149108
149114
149120
149125
149130
149136
149142
149150
149159
149174
149197
149209
149226
149264
149426
149494
149616
149662
149699
149741
149802
149863
150138
150211
150609
150681
150692
150701
150707
150712
150718
150724
150729
150735
150741
150746
150751
150757
150763
150769
150777
150788
150820
150847
150866
150892
150937
151017
151062
151126
151341
151606
151742
151829
151866
151915
152082
152305
152315
152324
152331
152337
152343
152348
152353
152359
152365
152370
152375
152380
152386
152392
152399
152407
152423
152448
152450
152457
152474
152515
152674
152741
152880
152918
152951
153005
153066
153386
153446
153507
153857
153929
153940
153949
153956
153961
153967
153972
153977
153982
153988
153994
153999
154005
154011
154018
154026
154036
154060
154096
154110
154140
154193
154261
154303
154381
154593
154850
154986
155081
155160
155332
155555
155566
155574
155579
155586
155592
155598
155603
155608
155614
155619
155624
155629
155635
155641
155649
155658
155674
155700
155718
155770
155922
155990
156128
156166
156207
156253
156302
156382
156641
156707
157113
157180
157191
157200
157206
157212
157218
157224
157229
157235
157241
157246
157251
157256
157262
157268
157276
157287
157320
157347
157370
157392
157445
157517
157592
157663
157890
158110
158328
158366
158411
158581
158804
158815
158823
158828
158834
158840
158846
158851
158856
158862
158868
158873
158879
158884
158890
158897
158906
158926
158941
158943
158967
158986
159015
159055
159174
159207
159238
159278
159325
159380
159417
159447
159489
159550
159622
159882
159963
160357
160429
160440
160448
160454
160460
160466
160472
160477
160482
160488
160493
160498
160504
160510
160516
160524
160535
160556
160575
160595
160615
160640
160689
160765
160803
160874
161093
161350
161490
161577
161614
161663
161827
162055
162065
162073
162080
162085
162091
162096
162101
162106
162112
162117
162122
162127
162133
162139
162147
162157
162174
162193
162200
162218
162266
162418
162463
162616
162658
162695
162744
162798
162874
163137
163206
163605
163677
163688
163697
163702
163708
163714
163719
163724
163729
163734
163740
163745
163750
163755
163761
163767
163775
163785
163811
163844
163855
163888
163941
164009
164051
164100
164159
164341
164582
164734
164828
164873
165075
165303
165314
165322
165327
165333
165340
165346
165351
165356
165362
165368
165372
165378
165384
165390
165397
165405
165426
165444
165466
165486
165515
165555
165670
165707
165737
165767
165817
165876
165910
165947
165992
166049
166103
166369
166453
166857
166926
166936
166944
166950
166956
166962
166967
166973
166978
166983
166989
166994
166999
167004
167010
167016
167024
167035
167059
167071
167095
167110
167139
167184
167265
167340
167385
167448
167596
167842
168064
168110
168147
168327
168552
168562
168571
168578
168585
168591
168597
168603
168608
168614
168619
168624
168629
168635
168642
168650
168661
168684
168696
168714
168741
168922
168989
169031
169128
169169
169207
169264
169354
169630
169710
170105
170177
170188
170196
170202
170208
170214
170220
170225
170230
170236
170241
170246
170252
170258
170265
170273
170283
170323
170343
170362
170388
170437
170517
170592
170629
170700
170845
171070
171234
171325
171362
171579
171803
171813
171821
171828
171833
171839
171844
171849
171854
171859
171865
171870
171876
171882
171888
171896
171905
171922
171944
171951
171966
172011
172170
172234
172372
172413
172443
172492
172553
172622
172885
172957
173360
173425
173436
173444
173450
173456
173462
173467
173472
173477
173482
173488
173493
173498
173503
173509
173515
173523
173533
173552
173567
173569
173595
173618
173640
173708
173757
173802
173888
173948
174089
174334
174573
174617
174826
175051
175062
175071
175078
175084
175089
175094
175099
175104
175110
175115
175120
175125
175131
175137
175145
175154
175170
175192
175211
175229
175266
175418
175489
175627
175661
175695
175749
175797
175851
176133
176206
176605
176676
176687
176695
176701
176707
176713
176718
176723
176728
176733
176739
176744
176750
176756
176762
176769
176778
176796
176815
176821
176843
176858
176887
176928
177013
177088
177141
177191
177382
177605
177821
177858
177903
178075
178300
178310
178319
178326
178332
178337
178342
178347
178352
178358
178364
178369
178374
178380
178386
178394
178402
178418
178444
178462
178489
178681
178733
178872
178913
178943
179001
179058
179378
179458
179856
179925
179936
179944
179950
179956
179962
179967
179972
179977
179982
179988
179993
179999
180005
180011
180018
180028
180045
180067
180091
180109
180136
180185
180265
180340
180423
180601
180810
180985
181076
181117
181325
181551
181561
181569
181575
181581
181587
181592
181597
181602
181608
181613
181618
181623
181629
181635
181642
181651
181666
181692
181704
181723
181762
181917
181985
182123
182161
182195
182248
182297
182370
182633
182702
183105
183173
183184
183191
183198
183204
183210
183216
183221
183226
183231
183237
183242
183247
183253
183259
183266
183275
183289
183312
183342
183370
183392
183475
183509
183554
183625
183699
183833
184091
184233
184328
184394
184567
184799
184810
184819
184826
184830
184836
184842
184848
184853
184859
184864
184869
184874
184880
184887
184895
184907
184929
184952
184972
185006
185169
185237
185375
185410
185447
185488
185545
185603
185885
185958
186356
186424
186435
186444
186450
186455
186461
186466
186472
186478
186484
186489
186494
186500
186506
186512
186520
186531
186563
186565
186574
186591
186606
186635
186680
186760
186794
186839
186952
187092
187342
187482
187572
187617
187822
188048
188058
188067
188074
188080
188085
188088
188093
188099
188105
188111
188116
188121
188127
188134
188142
188150
188166
188192
188213
188256
188421
188481
188623
188661
188690
188747
188797
189133
189206
189601
189673
189684
189692
189698
189704
189710
189715
189720
189725
189730
189736
189741
189747
189753
189759
189766
189776
189795
189815
189839
189857
189883
189932
190009
190050
190121
190203
190344
190558
190808
190857
190894
191070
191299
191309
191317
191323
191329
191333
191339
191345
191350
191355
191361
191366
191372
191377
191383
191390
191399
191414
191440
191459
191475
191510
191665
191733
191820
191879
191946
191991
192041
192086
192345
192449
192856
192921
192932
192940
192946
192952
192958
192964
192969
192974
192980
192986
192991
192997
193003
193009
193017
193025
193044
193063
193087
193101
193128
193188
193257
193332
193406
193592
193806
193981
194072
194121
194315
194547
194558
194567
194574
194580
194586
194591
194596
194601
194607
194612
194617
194622
194628
194634
194642
194652
194669
194688
194710
194762
194917
194985
195072
195127
195161
195199
195252
195350
195628
195701
196100
196172
196183
196192
196197
196203
196209
196214
196219
196224
196229
196235
196240
196246
196252
196258
196265
196274
196292
196311
196335
196350
196383
196428
196508
196542
196591
196662
196844
197058
197319
197354
197406
197572
197796
197806
197815
197822
197828
197833
197838
197844
197849
197855
197860
197865
197870
197876
197882
197890
197900
197917
197939
197941
197943
197961
198003
198169
198229
198336
198379
198442
198497
198549
198880
198949
199340
199413
199428
199438
199445
199452
199458
199463
199468
199473
199478
199483
199488
199493
199498
199504
199510
199518
199528
199566
199587
199605
199631
199680
199753
199832
199906
200084
200306
200421
200576
200642
200821
201047
201057
201065
201071
201077
201083
201089
201094
201099
201105
201110
201115
201120
201126
201132
201140
201149
201166
201188
201198
201216
201253
201413
201481
201568
201623
201657
201694
201735
201781
201830
202105
202198
202604
202671
202682
202691
202697
202703
202709
202715
202720
202725
202731
202736
202741
202746
202752
202758
202766
202776
202799
202814
202835
202846
202880
202936
203004
203046
203120
203157
203336
203590
203816
203853
203890
204070
204295
204306
204314
204319
204325
204332
204338
204343
204348
204354
204359
204364
204370
204376
204383
204391
204402
204418
204443
204461
204503
204665
204729
204867
204905
204938
204983
205041
205110
205377
205461
205856
205920
205931
205940
205945
205951
205957
205963
205968
205974
205980
205985
205990
205996
206002
206008
206016
206027
206054
206066
206086
206106
206131
206176
206260
206339
206409
206588
206806
207068
207105
207151
207320
207544
207554
207563
207570
207576
207582
207587
207592
207597
207603
207608
207613
207618
207624
207630
207637
207646
207662
207684
207691
207696
207713
207752
207920
207980
208107
208153
208190
208245
208354
208628
208685
209095
209165
209178
209186
209193
209200
209206
209211
209216
209221
209226
209232
209237
209243
209249
209255
209262
209271
209288
209314
209335
209346
209379
209432
209504
209583
209654
209840
210054
210176
210320
210386
210559
210795
210805
210813
210819
210825
210831
210837
210842
210847
210853
210858
210863
210868
210874
210881
210889
210899
210917
210939
210951
210968
211003
211161
211232
211371
211408
211442
211496
211553
211880
211949
212352
212419
212430
212439
212445
212451
212457
212463
212468
212473
212479
212484
212489
212494
212500
212506
212514
212524
212543
212559
212586
212606
212631
212676
212756
212835
212902
213084
213337
213477
213568
213638
213817
214043
214053
214062
214068
214073
214079
214085
214090
214095
214101
214107
214112
214117
214123
214129
214137
214146
214161
214182
214202
214222
214254
214425
214477
214615
214653
214686
214731
214789
214920
215121
215201
215604
215668
215679
215687
215693
215699
215705
215711
215716
215721
215727
215732
215737
215743
215749
215755
215763
215774
215795
215807
215834
215853
215879
215924
216008
216083
216120
216328
216593
216803
216848
216899
217069
217294
217305
217312
217319
217324
217330
217335
217340
217346
217352
217357
217362
217367
217373
217379
217387
217396
217413
217435
217437
217444
217463
217500
217661
217728
217867
217908
217938
217983
218040
218121
218376
218445
218847
218916
218927
218936
218941
218947
218953
218958
218963
218968
218973
218979
218984
218989
218994
219000
219006
219014
219024
219066
219086
219127
219180
219248
219297
219368
219443
219580
219825
219973
220068
220147
220319
220543
220553
220561
220568
220573
220579
220585
220590
220595
220601
220606
220611
220616
220622
220628
220636
220645
220661
220687
220705
220757
220909
220980
221067
221131
221186
221231
221288
221350
221628
221693
222041
222112
222168
222178
222187
222193
222199
222204
222209
222214
222219
222224
222230
222235
222241
222246
222252
222259
222268
222284
222310
222334
222353
222378
222420
222500
222542
222612
222650
222881
223101
223315
223349
223394
223562
223791
223802
223809
223815
223821
223827
223833
223838
223843
223849
223855
223860
223865
223870
223876
223883
223891
223906
223935
223954
223973
224005
224161
224228
224363
224401
224438
224483
224537
224606
224876
224945
225344
225416
225427
225436
225441
225447
225453
225458
225463
225468
225474
225480
225485
225490
225496
225502
225509
225518
225536
225558
225582
225601
225627
225672
225756
225827
225868
225947
226087
226321
226477
226547
226593
226646
226817
227042
227052
227060
227067
227072
227078
227083
227088
227093
227099
227104
227109
227114
227120
227126
227134
227144
227161
227183
227195
227215
227248
227409
227476
227615
227656
227690
227743
227838
228108
228185
228541
228608
228667
228678
228686
228692
228698
228705
228711
228716
228721
228727
228732
228737
228742
228748
228754
228762
228772
228803
228830
228845
228875
228939
228996
229037
229075
229146
229324
229585
229812
229856
230066
230290
230301
230309
230316
230321
230327
230333
230339
230344
230350
230355
230360
230365
230371
230377
230384
230393
230409
230435
230456
230498
230660
230728
230815
230871
230934
230988
231036
231081
231356
231440
231844
231915
231926
231934
231940
231946
231952
231957
231962
231967
231972
231977
231982
231987
231992
231998
232005
232014
232028
232051
232082
232097
232126
232171
232252
232323
232364
232443
232583
232833
233060
233104
233142
233315
233539
233549
233558
233565
233572
233576
233581
233586
233591
233597
233603
233608
233614
233620
233627
233635
233645
233661
233683
233704
233744
233912
233972
234022
234115
234156
234190
234244
234334
234624
234693
235092
235164
235175
235183
235189
235195
235201
235206
235211
235216
235221
235227
235232
235238
235244
235250
235257
235267
235285
235306
235330
235349
235375
235428
235500
235579
235652
235835
236069
236295
236344
236394
236566
236790
236801
236808
236814
236820
236826
236831
236836
236841
236847
236852
236857
236862
236867
236873
236880
236890
236905
236931
236949
236972
237112
237194
237228
237311
237378
237434
237491
237593
237852
237929
238343
238411
238423
238432
238437
238443
238449
238454
238459
238464
238469
238476
238481
238486
238491
238497
238503
238511
238521
238544
238551
238582
238601
238623
238663
238706
238748
238781
238815
238856
238889
238923
238972
239076
239324
239469
239563
239646
239815
240038
240049
240058
240065
240069
240075
240081
240087
240092
240098
240103
240108
240113
240119
240126
240134
240145
240161
240179
240198
240215
240249
240408
240476
240563
240630
240682
240727
240796
241120
241192
241592
241660
241674
241682
241688
241694
241700
241705
241710
241715
241720
241726
241731
241737
241742
241748
241755
241764
241780
241806
241830
241845
241874
241919
242000
242078
242149
242331
242585
242811
242852
242890
243064
243287
243297
243306
243313
243319
243324
243327
243332
243337
243342
243348
243353
243358
243363
243369
243376
243385
243396
243419
243429
243446
243465
243495
243660
243720
243827
243874
243930
243988
244101
244332
244425
244776
244908
244919
244929
244936
244943
244949
244954
244959
244964
244969
244975
244980
244986
244992
244998
245005
245015
245032
245054
245078
245093
245123
245179
245243
245281
245323
245367
245434
245583
245828
245968
246060
246096
246142
246314
246538
246548
246556
246562
246568
246574
246579
246584
246589
246595
246600
246605
246610
246616
246622
246629
246638
246653
246679
246684
246704
246746
246905
246972
247059
247118
247182
247238
247346
247620
247689
248091
248156
248170
248180
248187
248193
248198
248203
248208
248213
248219
248225
248230
248236
248242
248248
248256
248265
248283
248302
248326
248337
248370
248420
248496
248571
248627
248682
248869
249095
249310
249352
249561
249786
249797
249806
249813
249819
249825
249830
249835
249840
249846
249851
249856
249861
249867
249874
249882
249894
249912
249930
249939
249958
249991
250156
250228
250307
250370
250430
250478
250532
250593
250868
250941
251343
251411
251422
251430
251436
251442
251448
251453
251458
251463
251468
251474
251479
251485
251491
251497
251504
251513
251531
251547
251578
251589
251622
251668
251748
251822
251901
252121
252344
252559
252592
252629
252802
253035
253045
253054
253061
253067
253072
253077
253083
253088
253094
253099
253104
253109
253115
253121
253129
253139
253155
253178
253184
253197
253223
253416
253468
253555
253614
253664
253726
253784
254116
254189
254588
254660
254670
254679
254685
254690
254696
254701
254707
254712
254717
254723
254728
254734
254740
254746
254753
254763
254780
254809
254829
254870
254919
254988
255033
255108
255182
255331
255545
255720
255811
255848
256060
256286
256297
256304
256310
256316
256322
256328
256333
256338
256344
256349
256354
256359
256365
256372
256379
256389
256405
256427
256437
256455
256492
256652
256720
256858
256895
256930
256987
257048
257312
257428
257521
257846
257908
257921
257929
257935
257942
257948
257954
257959
257964
257970
257975
257980
257985
257991
257997
258004
258014
258034
258050
258077
258122
258187
258243
258281
258326
258393
258575
258820
258968
259058
259096
259129
259308
259534
259545
259554
259561
259566
259571
259577
259582
259587
259593
259598
259603
259609
259615
259622
259630
259641
259660
259678
259680
259697
259719
259904
259968
260111
260148
260185
260235
260280
260341
260615
260684
261075
261136
261160
261170
261179
261184
261190
261196
261202
261207
261213
261219
261224
261229
261235
261241
261248
261257
261269
261293
261325
261344
261370
261416
261496
261574
261682
261827
262081
262307
262344
262381
262562
262783
262793
262802
262809
262815
262821
262826
262831
262836
262842
262847
262852
262858
262864
262870
262878
262887
262904
262923
262930
262948
262991
263156
263216
263307
263362
263396
263433
263487
263593
263863
263928
264281
264396
264412
264421
264429
264435
264441
264447
264453
264458
264463
264469
264474
264479
264484
264490
264497
264505
264515
264541
264574
264585
264618
264667
264739
264781
264859
265075
265293
265411
265558
265592
265641
265809
266034
266044
266052
266059
266064
266070
266076
266081
266086
266092
266097
266102
266107
266113
266119
266127
266137
266153
266178
266190
266207
266244
266403
266471
266606
266643
266677
266722
266779
266833
266949
267135
267192
267594
267659
267669
267679
267684
267690
267696
267702
267707
267712
267718
267723
267728
267733
267739
267745
267753
267763
267786
267798
267825
267845
267870
267942
267995
268070
268123
268174
268331
268536
268803
268852
269046
269282
269292
269301
269308
269314
269319
269325
269330
269335
269341
269346
269351
269356
269362
269368
269375
269384
269400
269423
269426
269444
269471
269655
269719
269858
269895
269925
269980
270028
270112
270363
270424
270482
270831
270907
270918
270926
270932
270938
270944
270949
270954
270959
270964
270970
270975
270981
270987
270993
271000
271010
271027
271046
271073
271093
271122
271175
271247
271322
271359
271434
271567
271827
272054
272088
272137
272305
272533
272544
272551
272558
272563
272569
272574
272579
272585
272591
272596
272601
272606
272612
272618
272626
272635
272652
272671
272678
272699
272739
272900
272967
273094
273139
273173
273218
273272
273341
273615
273680
274032
274144
274160
274169
274177
274183
274189
274196
274202
274207
274212
274218
274223
274228
274233
274239
274245
274253
274264
274294
274322
274333
274366
274447
274521
274566
274615
274678
274819
275041
275159
275303
275347
275558
275781
275792
275800
275806
275812
275818
275824
275829
275834
275840
275845
275850
275855
275861
275867
275875
275884
275901
275926
275941
275961
276000
276185
276223
276306
276358
276392
276433
276483
276573
276867
276936
277338
277404
277414
277422
277428
277434
277441
277447
277452
277457
277462
277468
277473
277478
277483
277489
277496
277505
277519
277549
277573
277588
277617
277663
277743
277818
277863
277930
278071
278289
278550
278588
278621
278793
279030
279041
279050
279057
279063
279067
279072
279077
279082
279088
279094
279099
279104
279110
279116
279124
279133
279148
279174
279193
279215
279400
279467
279606
279643
279669
279718
279776
279837
280111
280172
280535
280635
280658
280666
280674
280680
280686
280692
280698
280703
280708
280714
280719
280724
280730
280736
280743
280751
280762
280785
280801
280821
280844
280870
280938
280983
281025
281103
281319
281548
281716
281802
281835
281882
282053
282281
282291
282299
282306
282311
282317
282322
282327
282332
282338
282343
282348
282353
282359
282365
282372
282381
282397
282422
282424
282429
282431
282447
282486
282648
282716
282795
282858
282924
282970
283031
283171
283363
283424
283776
283899
283913
283922
283928
283934
283940
283945
283950
283955
283960
283966
283971
283976
283981
283987
283993
284001
284011
284040
284070
284077
284114
284186
284231
284269
284314
284388
284567
284789
284903
285054
285133
285305
285529
285540
285548
285554
285559
285566
285572
285577
285582
285588
285593
285598
285604
285610
285617
285625
285637
285659
285674
285695
285740
285896
285967
286106
286143
286177
286231
286292
286595
286679
287028
287094
287155
287165
287173
287179
287186
287192
287198
287203
287209
287215
287220
287225
287230
287236
287243
287252
287264
287297
287321
287336
287365
287407
287491
287562
287603
287822
288076
288302
288336
288378
288549
288778
288788
288798
288805
288811
288815
288820
288825
288830
288836
288842
288847
288852
288858
288864
288872
288880
288896
288922
288940
288967
289151
289211
289350
289391
289421
289470
289531
289859
289932
290331
290403
290414
290422
290428
290434
290440
290446
290451
290456
290461
290466
290471
290477
290483
290489
290496
290506
290523
290545
290569
290588
290614
290690
290739
290780
290851
291070
291308
291456
291554
291603
291800
292029
292039
292047
292054
292059
292065
292070
292075
292080
292085
292091
292096
292101
292107
292113
292120
292129
292145
292170
292175
292177
292195
292237
292392
292463
292602
292643
292680
292730
292788
293091
293176
293582
293651
293662
293670
293676
293682
293688
293694
293699
293704
293710
293716
293721
293727
293733
293739
293747
293756
293774
293793
293817
293832
293862
293934
293983
294028
294111
294174
294311
294540
294720
294799
294843
295045
295277
295288
295296
295302
295307
295314
295320
295326
295331
295337
295342
295347
295352
295358
295364
295372
295382
295397
295422
295443
295485
295644
295715
295802
295869
295920
295966
296023
296068
296343
296427
296827
296899
296910
296919
296926
296931
296936
296942
296947
296952
296957
296963
296968
296973
296978
296984
296991
297000
297012
297038
297069
297084
297113
297154
297238
297272
297367
297421
297616
297883
298046
298087
298124
298293
298526
298536
298545
298552
298558
298563
298568
298574
298579
298585
298590
298595
298600
298606
298612
298620
298630
298646
298670
298675
298692
298736
298899
298959
299009
299102
299143
299177
299230
299279
299607
299680
300078
300150
300161
300171
300178
300185
300191
300197
300202
300207
300213
300218
300223
300228
300234
300240
300248
300259
300288
300317
300335
300362
300434
300475
300520
300615
300673
300822
301036
301204
301302
301381
301554
301777
301787
301795
301801
301807
301813
301818
301823
301829
301835
301840
301845
301850
301856
301863
301870
301879
301896
301918
301930
301947
301987
302140
302211
302298
302365
302421
302462
302523
302600
302859
302931
303334
303399
303410
303419
303426
303433
303439
303445
303450
303455
303461
303466
303471
303476
303482
303488
303495
303504
303522
303541
303565
303580
303609
303659
303734
303772
303866
303921
304063
304276
304549
304587
304620
304797
305025
305036
305045
305052
305057
305062
305068
305074
305079
305085
305090
305095
305100
305106
305112
305120
305130
305147
305166
305188
305236
305395
305463
305550
305609
305668
305710
305771
305828
306107
306180
306582
306650
306661
306670
306676
306681
306687
306692
306697
306702
306707
306713
306718
306724
306729
306735
306742
306751
306767
306789
306798
306817
306832
306861
306906
306986
307016
307065
307136
307326
307536
307798
307832
307877
308052
308274
308284
308293
308300
308306
308311
308316
308322
308327
308333
308338
308343
308348
308354
308360
308367
308376
308392
308418
308439
308479
308643
308711
308798
308857
308899
308974
309039
309355
309416
309826
309895
309906
309915
309923
309929
309935
309940
309945
309950
309955
309961
309966
309971
309976
309982
309988
309996
310007
310048
310065
310080
310110
310182
310234
310310
310384
310562
310819
310955
311054
311129
311300
311525
311535
311543
311549
311555
311561
311567
311572
311577
311583
311588
311593
311598
311604
311611
311619
311629
311647
311666
311678
311695
311736
311899
311959
312046
312109
312168
312221
312271
312415
312610
312675
313082
313147
313158
313165
313172
313178
313184
313190
313196
313201
313207
313212
313217
313223
313229
313235
313242
313251
313270
313289
313313
313327
313358
313430
313483
313528
313595
313632
313814
314059
314207
314298
314342
314548
314773
314784
314792
314797
314803
314810
314816
314821
314826
314832
314837
314842
314847
314852
314858
314865
314873
314888
314917
314926
314943
314981
315140
315211
315298
315353
315387
315424
315465
315519
315600
315858
315915
315961
316326
316395
316406
316415
316422
316429
316435
316441
316446
316451
316457
316462
316467
316473
316479
316486
316494
316505
316532
316548
316565
316580
316609
316650
316734
316779
316843
316929
317070
317284
317462
317549
317579
317616
317785
318024
318035
318042
318049
318054
318060
318065
318070
318075
318081
318087
318092
318098
318104
318110
318117
318126
318147
318162
318184
318203
318229
318269
318391
318424
318454
318496
318538
318601
318635
318668
318713
318771
318911
319106
319163
319519
319635
319651
319660
319668
319674
319680
319686
319692
319697
319702
319708
319713
319718
319723
319729
319736
319744
319755
319792
319813
319827
319853
319910
319978
320019
320065
320131
320310
320567
320700
320798
320877
321048
321273
321283
321291
321298
321303
321309
321315
321320
321325
321331
321336
321341
321347
321353
321359
321367
321377
321395
321417
321422
321424
321442
321480
321639
321707
321845
321879
321920
321961
322015
322080
322358
322423
322826
322895
322905
322914
322921
322926
322932
322938
322943
322948
322953
322959
322964
322969
322974
322980
322987
322996
323011
323037
323064
323088
323110
323182
323230
323268
323346
323380
323604
323831
324042
324083
324129
324300
324521
324531
324540
324545
324551
324557
324563
324568
324573
324579
324585
324590
324596
324602
324609
324617
324627
324644
324665
324683
324707
324891
324959
325038
325097
325134
325164
325209
325267
325339
325602
325663
326035
326123
326146
326157
326165
326171
326177
326183
326188
326193
326198
326203
326209
326214
326220
326226
326232
326239
326248
326266
326285
326312
326332
326361
326406
326486
326561
326677
326814
327067
327291
327331
327376
327541
327772
327782
327790
327797
327802
327808
327813
327818
327823
327829
327834
327839
327844
327850
327856
327864
327872
327888
327910
327917
327922
327939
327980
328151
328203
328310
328345
328383
328416
328469
328531
328854
328923
329322
329394
329405
329414
329419
329425
329431
329436
329441
329446
329451
329457
329462
329467
329472
329478
329484
329492
329503
329533
329560
329579
329604
329658
329726
329775
329846
329921
330066
330303
330451
330542
330583
330795
331020
331031
331039
331045
331050
331057
331063
331068
331073
331079
331084
331089
331094
331100
331106
331113
331121
331136
331165
331183
331232
331399
331455
331597
331631
331668
331709
331770
331847
332102
332175
332574
332642
332653
332660
332667
332673
332679
332684
332690
332695
332700
332706
332711
332716
332721
332727
332734
332743
332755
332788
332812
332832
332857
332910
332982
333057
333127
333318
333528
333790
333827
333860
334033
334269
334280
334288
334295
334301
334306
334312
334317
334322
334328
334333
334338
334343
334349
334355
334362
334371
334387
334413
334431
334458
334639
334706
334829
334878
334912
334961
335015
335087
335346
335423
335822
335894
335905
335914
335919
335925
335931
335937
335942
335947
335953
335958
335963
335969
335975
335982
335990
336001
336028
336060
336075
336105
336154
336230
336271
336342
336554
336819
336955
337041
337075
337124
337289
337520
337530
337538
337545
337550
337556
337561
337566
337572
337578
337583
337588
337593
337599
337605
337613
337622
337639
337661
337663
337670
337686
337726
337883
337924
337962
338041
338097
338163
338218
338286
338410
338602
338671
339074
339142
339153
339162
339167
339173
339179
339184
339189
339194
339199
339205
339210
339215
339220
339226
339232
339240
339250
339288
339312
339353
339406
339474
339516
339590
339624
339806
340047
340202
340293
340338
340543
340768
340779
340787
340792
340798
340805
340811
340817
340822
340828
340833
340838
340843
340849
340856
340864
340876
340894
340913
340931
340983
341172
341293
341356
341412
341469
341526
341662
341854
341923
342326
342393
342404
342412
342418
342424
342430
342435
342440
342445
342450
342456
342461
342467
342473
342479
342486
342495
342514
342536
342560
342579
342604
342649
342730
342805
342879
343061
343276
343541
343579
343624
343785
344017
344027
344037
344044
344050
344054
344059
344064
344069
344074
344080
344085
344091
344097
344103
344111
344119
344135
344161
344182
344225
344387
344454
344589
344630
344664
344718
344770
345102
345175
345570
345642
345653
345661
345667
345673
345679
345685
345690
345695
345700
345705
345710
345716
345722
345728
345735
345745
345762
345784
345808
345827
345853
345902
345982
346053
346094
346298
346339
346567
346703
346781
346823
346860
347037
347268
347278
347286
347292
347298
347304
347309
347314
347319
347324
347330
347335
347340
347346
347352
347360
347370
347387
347409
347418
347431
347479
347631
347702
347789
347845
347912
347965
348026
348158
348350
348418
348821
348886
348898
348907
348915
348921
348927
348933
348938
348943
348949
348955
348960
348966
348972
348978
348985
348994
349014
349029
349059
349083
349105
349154
349222
349263
349301
349375
349554
349767
349890
350041
350124
350294
350517
350527
350536
350543
350549
350555
350560
350565
350570
350576
350581
350586
350591
350597
350604
350612
350625
350652
350676
350693
350728
350886
350954
351092
351126
351163
351208
351259
351308
351598
351667
352070
352141
352152
352160
352166
352172
352178
352183
352188
352193
352198
352204
352209
352215
352221
352227
352234
352243
352261
352277
352308
352327
352352
352393
352478
352556
352623
352805
353027
353289
353323
353363
353532
353765
353775
353784
353791
353797
353802
353807
353813
353819
353825
353830
353835
353840
353846
353853
353861
353871
353887
353909
353930
353971
354134
354199
354285
354341
354386
354466
354526
354846
354919
355317
355389
355401
355410
355417
355424
355430
355436
355441
355446
355452
355457
355462
355467
355473
355479
355487
355499
355532
355556
355575
355601
355650
355726
355805
355875
356053
356314
356447
356541
356571
356623
356780
357016
357026
357034
357040
357046
357052
357057
357062
357068
357074
357079
357084
357089
357095
357101
357109
357119
357135
357157
357162
357182
357223
357420
357458
357533
357626
357660
357713
357758
357807
358098
358166
358569
358637
358649
358658
358665
358670
358675
358681
358686
358691
358696
358702
358707
358712
358717
358723
358730
358739
358753
358780
358804
358819
358849
358925
358970
359011
359056
359123
359305
359539
359706
359789
359830
359999
